92.187500 93.750000
90.625000 92.187500
81.250000 93.750000
85.937500 95.312500
89.062500 92.187500
89.062500 92.187500
90.625000 93.750000
89.062500 92.187500
95.312500 96.875000
93.750000 95.312500
89.062500 95.312500
92.187500 93.750000
92.187500 96.875000
87.500000 95.312500
90.625000 95.312500
89.062500 93.750000
96.875000 98.437500
87.500000 95.312500
100.000000 100.000000
90.625000 93.750000
84.375000 90.625000
95.312500 96.875000
85.937500 90.625000
82.812500 92.187500
84.375000 85.937500
84.375000 95.312500
87.500000 95.312500
85.937500 90.625000
95.312500 96.875000
90.625000 95.312500
90.625000 95.312500
85.937500 93.750000
89.062500 92.187500
92.187500 100.000000
95.312500 100.000000
93.750000 96.875000
90.625000 95.312500
95.312500 100.000000
92.187500 95.312500
93.750000 96.875000
95.312500 95.312500
93.750000 95.312500
96.875000 100.000000
90.625000 95.312500
90.625000 95.312500
90.625000 95.312500
93.750000 96.875000
96.875000 100.000000
96.875000 100.000000
95.312500 98.437500
92.187500 95.312500
96.875000 98.437500
100.000000 100.000000
96.875000 98.437500
96.875000 100.000000
93.750000 95.312500
98.437500 98.437500
95.312500 98.437500
96.875000 98.437500
93.750000 98.437500
98.437500 100.000000
98.437500 98.437500
93.750000 95.312500
95.312500 98.437500
93.750000 95.312500
96.875000 100.000000
96.875000 100.000000
98.437500 98.437500
98.437500 100.000000
96.875000 98.437500
98.437500 100.000000
100.000000 100.000000
100.000000 100.000000
100.000000 100.000000
96.875000 98.437500
100.000000 100.000000
98.437500 98.437500
100.000000 100.000000
98.437500 100.000000
98.437500 100.000000
100.000000 100.000000
98.437500 98.437500
98.437500 100.000000
95.312500 96.875000
96.875000 98.437500
98.437500 100.000000
98.437500 100.000000
100.000000 100.000000
98.437500 100.000000
100.000000 100.000000
96.875000 98.437500
100.000000 100.000000
100.000000 100.000000
100.000000 100.000000
98.437500 98.437500
100.000000 100.000000
98.437500 100.000000
96.875000 100.000000
100.000000 100.000000
100.000000 100.000000
96.875000 100.000000
100.000000 100.000000
100.000000 100.000000
98.437500 98.437500
100.000000 100.000000
100.000000 100.000000
98.437500 100.000000
100.000000 100.000000
100.000000 100.000000
100.000000 100.000000
98.437500 100.000000
100.000000 100.000000
98.437500 100.000000
98.437500 98.437500
100.000000 100.000000
100.000000 100.000000
98.437500 100.000000
100.000000 100.000000
100.000000 100.000000
100.000000 100.000000
98.437500 100.000000
100.000000 100.000000
100.000000 100.000000
100.000000 100.000000
98.437500 98.437500
100.000000 100.000000
100.000000 100.000000
98.437500 100.000000
100.000000 100.000000
100.000000 100.000000
100.000000 100.000000
100.000000 100.000000
98.437500 98.437500
100.000000 100.000000
100.000000 100.000000
100.000000 100.000000
100.000000 100.000000
100.000000 100.000000
100.000000 100.000000
100.000000 100.000000
100.000000 100.000000
100.000000 100.000000
98.437500 100.000000
98.437500 100.000000
100.000000 100.000000
100.000000 100.000000
100.000000 100.000000
100.000000 100.000000
100.000000 100.000000
100.000000 100.000000
100.000000 100.000000
100.000000 100.000000
100.000000 100.000000
98.437500 98.437500
100.000000 100.000000
100.000000 100.000000
100.000000 100.000000
100.000000 100.000000
100.000000 100.000000
100.000000 100.000000
100.000000 100.000000
100.000000 100.000000
100.000000 100.000000
100.000000 100.000000
100.000000 100.000000
96.875000 98.437500
100.000000 100.000000
98.437500 100.000000
100.000000 100.000000
98.437500 100.000000
100.000000 100.000000
100.000000 100.000000
100.000000 100.000000
100.000000 100.000000
100.000000 100.000000
100.000000 100.000000
100.000000 100.000000
98.437500 100.000000
100.000000 100.000000
98.437500 100.000000
100.000000 100.000000
100.000000 100.000000
100.000000 100.000000
100.000000 100.000000
100.000000 100.000000
100.000000 100.000000
100.000000 100.000000
100.000000 100.000000
98.437500 100.000000
100.000000 100.000000
100.000000 100.000000
100.000000 100.000000
100.000000 100.000000
100.000000 100.000000
100.000000 100.000000
98.437500 98.437500
100.000000 100.000000
100.000000 100.000000
100.000000 100.000000
100.000000 100.000000
100.000000 100.000000
100.000000 100.000000
100.000000 100.000000
100.000000 100.000000
100.000000 100.000000
100.000000 100.000000
100.000000 100.000000
100.000000 100.000000
100.000000 100.000000
100.000000 100.000000
98.437500 100.000000
100.000000 100.000000
100.000000 100.000000
100.000000 100.000000
100.000000 100.000000
100.000000 100.000000
100.000000 100.000000
100.000000 100.000000
100.000000 100.000000
100.000000 100.000000
98.437500 100.000000
