0.074830  0.241379  0.078947  0.000000  0.043478  0.000000  
0.062112  0.081081  0.097561  0.038462  0.035714  0.034483  
0.069930  0.294118  0.068182  0.055556  0.000000  0.000000  
0.118421  0.263158  0.075000  0.137931  0.038462  0.000000  
0.063694  0.189189  0.073171  0.000000  0.000000  0.000000  
0.075862  0.175000  0.093750  0.000000  0.045455  0.000000  
0.075949  0.117647  0.139535  0.057143  0.000000  0.000000  
0.061350  0.148148  0.105263  0.000000  0.000000  0.000000  
0.109589  0.297297  0.085714  0.029412  0.052632  0.000000  
0.032895  0.117647  0.045455  0.037037  0.000000  0.000000  
0.087500  0.250000  0.054545  0.037037  0.074074  0.000000  
0.058824  0.130435  0.083333  0.026316  0.071429  0.000000  
0.064103  0.074074  0.046512  0.076923  0.114286  0.000000  
0.104938  0.137931  0.153846  0.090909  0.066667  0.000000  
0.054054  0.043478  0.111111  0.074074  0.000000  0.000000  
0.100719  0.304348  0.090909  0.028571  0.083333  0.041667  
0.155844  0.289474  0.162162  0.148148  0.081081  0.000000  
0.113333  0.266667  0.029412  0.153846  0.153846  0.000000  
0.113924  0.129032  0.162791  0.121212  0.136364  0.000000  
0.051948  0.083333  0.055556  0.062500  0.043478  0.000000  
0.138365  0.272727  0.205882  0.093750  0.078947  0.000000  
0.080537  0.206897  0.146341  0.000000  0.000000  0.000000  
0.090323  0.269231  0.086957  0.030303  0.034483  0.047619  
0.094937  0.147059  0.108696  0.111111  0.058824  0.000000  
0.107914  0.421053  0.064516  0.064516  0.100000  0.000000  
0.054422  0.142857  0.000000  0.071429  0.038462  0.000000  
0.121019  0.171429  0.206897  0.037037  0.000000  0.000000  
0.085106  0.153846  0.086957  0.137931  0.000000  0.000000  
0.125000  0.243243  0.093750  0.133333  0.035714  0.055556  
0.149351  0.269231  0.119048  0.095238  0.086957  0.000000  
0.039216  0.105263  0.027027  0.034483  0.000000  0.000000  
0.066225  0.066667  0.128205  0.034483  0.035714  0.040000  
0.097561  0.171429  0.055556  0.200000  0.052632  0.000000  
0.110390  0.291667  0.146341  0.085714  0.032258  0.000000  
0.067901  0.078947  0.090909  0.057143  0.117647  0.000000  
0.081081  0.166667  0.078431  0.000000  0.181818  0.000000  
0.041667  0.083333  0.026316  0.035714  0.068966  0.000000  
0.075000  0.230769  0.075472  0.026316  0.037037  0.000000  
0.081250  0.194444  0.094340  0.034483  0.000000  0.000000  
0.115646  0.391304  0.080000  0.088235  0.083333  0.000000  
0.069620  0.300000  0.040816  0.038462  0.050000  0.000000  
0.069444  0.227273  0.065217  0.000000  0.080000  0.000000  
0.098765  0.304348  0.142857  0.058824  0.040000  0.000000  
0.025000  0.115385  0.022222  0.000000  0.000000  0.000000  
0.107595  0.214286  0.056604  0.190476  0.100000  0.038462  
0.123377  0.194444  0.250000  0.000000  0.071429  0.000000  
0.078014  0.157895  0.145833  0.000000  0.033333  0.000000  
0.086957  0.280000  0.047619  0.120000  0.000000  0.000000  
0.118750  0.250000  0.023256  0.142857  0.096774  0.000000  
0.077419  0.100000  0.121951  0.052632  0.043478  0.043478  
0.118750  0.333333  0.111111  0.096774  0.080000  0.000000  
0.038217  0.057143  0.062500  0.032258  0.000000  0.000000  
0.092715  0.187500  0.090909  0.103448  0.071429  0.000000  
0.057692  0.111111  0.065217  0.058824  0.045455  0.000000  
0.056338  0.153846  0.066667  0.035714  0.000000  0.000000  
0.062893  0.218750  0.019608  0.080000  0.000000  0.000000  
0.106250  0.285714  0.057692  0.041667  0.043478  0.000000  
0.099379  0.257143  0.052632  0.065217  0.037037  0.066667  
0.102740  0.216216  0.120000  0.066667  0.090909  0.000000  
0.074324  0.166667  0.136364  0.000000  0.050000  0.000000  
0.105263  0.195122  0.043478  0.166667  0.095238  0.000000  
0.124260  0.400000  0.076923  0.117647  0.028571  0.032258  
0.083333  0.108108  0.139535  0.064516  0.041667  0.000000  
0.025974  0.080000  0.051282  0.000000  0.000000  0.000000  
0.096154  0.236842  0.113636  0.029412  0.000000  0.000000  
0.098765  0.194444  0.104167  0.100000  0.032258  0.000000  
0.087248  0.200000  0.153846  0.034483  0.000000  0.000000  
0.064516  0.074074  0.095238  0.071429  0.033333  0.035714  
0.094937  0.166667  0.097561  0.093023  0.111111  0.000000  
0.044304  0.071429  0.048780  0.066667  0.000000  0.040000  
0.080537  0.185185  0.042553  0.166667  0.000000  0.000000  
0.075472  0.200000  0.061224  0.108108  0.000000  0.000000  
0.104938  0.228571  0.162791  0.074074  0.000000  0.000000  
0.083333  0.257143  0.071429  0.000000  0.068966  0.000000  
0.056250  0.156250  0.057692  0.000000  0.047619  0.000000  
0.134228  0.250000  0.157895  0.160000  0.032258  0.000000  
0.065789  0.230769  0.023810  0.000000  0.083333  0.000000  
0.121019  0.133333  0.105263  0.333333  0.060606  0.031250  
0.072368  0.178571  0.028571  0.035714  0.108108  0.000000  
0.094340  0.250000  0.000000  0.130435  0.066667  0.000000  
0.096386  0.236842  0.106383  0.029412  0.043478  0.000000  
0.094340  0.233333  0.023256  0.114286  0.107143  0.000000  
0.100000  0.222222  0.047619  0.096774  0.064516  0.050000  
0.069182  0.218750  0.090909  0.000000  0.000000  0.000000  
0.082278  0.272727  0.048780  0.000000  0.071429  0.000000  
0.058824  0.181818  0.027027  0.000000  0.000000  0.000000  
0.091503  0.250000  0.076923  0.062500  0.033333  0.000000  
0.033557  0.071429  0.048780  0.000000  0.045455  0.000000  
0.131034  0.229167  0.125000  0.130435  0.037037  0.000000  
0.080745  0.240000  0.066667  0.000000  0.107143  0.000000  
0.070968  0.161290  0.055556  0.088235  0.037037  0.000000  
0.069620  0.258065  0.020000  0.086957  0.000000  0.000000  
0.058065  0.142857  0.024390  0.060606  0.037037  0.000000  
0.058824  0.222222  0.000000  0.090909  0.000000  0.000000  
0.122449  0.264706  0.111111  0.040000  0.125000  0.000000  
0.113924  0.148148  0.139535  0.153846  0.102564  0.000000  
0.055901  0.088235  0.044444  0.033333  0.081081  0.000000  
0.078431  0.162162  0.125000  0.000000  0.062500  0.000000  
0.062069  0.206897  0.028571  0.000000  0.071429  0.000000  
0.041667  0.178571  0.000000  0.000000  0.028571  0.000000  
0.093960  0.257143  0.042553  0.054054  0.058824  0.000000  
0.054217  0.096774  0.065574  0.027778  0.047619  0.000000  
0.121212  0.264706  0.122807  0.107143  0.040000  0.000000  
0.093750  0.290323  0.061224  0.055556  0.062500  0.000000  
0.114286  0.303030  0.088235  0.088235  0.000000  0.000000  
0.074534  0.166667  0.107143  0.075000  0.030303  0.000000  
0.123457  0.282609  0.060606  0.114286  0.030303  0.000000  
0.085526  0.214286  0.080000  0.088235  0.000000  0.000000  
0.090909  0.125000  0.230769  0.035714  0.029412  0.025000  
0.080537  0.241379  0.055556  0.088235  0.000000  0.000000  
0.096552  0.206897  0.075000  0.064516  0.111111  0.000000  
0.065359  0.083333  0.108108  0.071429  0.052632  0.000000  
0.076433  0.296296  0.068182  0.038462  0.000000  0.000000  
0.092025  0.190476  0.108696  0.027778  0.117647  0.038462  
0.097222  0.222222  0.135135  0.037037  0.000000  0.000000  
0.072848  0.218750  0.000000  0.148148  0.000000  0.000000  
0.055172  0.105263  0.073171  0.000000  0.107143  0.000000  
0.095541  0.205128  0.043478  0.103448  0.076923  0.000000  
0.073620  0.195122  0.026316  0.027778  0.028571  0.076923  
0.083333  0.200000  0.127273  0.029412  0.000000  0.000000  
0.046980  0.166667  0.020408  0.071429  0.000000  0.000000  
0.072368  0.193548  0.045455  0.086957  0.031250  0.000000  
0.130178  0.142857  0.203704  0.131579  0.043478  0.000000  
0.074830  0.153846  0.023256  0.156250  0.037037  0.000000  
0.116279  0.190476  0.096154  0.100000  0.142857  0.000000  
0.091503  0.148148  0.083333  0.115385  0.057143  0.058824  
0.095541  0.138889  0.051282  0.111111  0.148148  0.000000  
0.084416  0.206897  0.088235  0.075000  0.032258  0.000000  
0.112583  0.279070  0.029412  0.111111  0.038462  0.000000  
0.103896  0.233333  0.111111  0.000000  0.088235  0.045455  
0.039474  0.083333  0.050000  0.000000  0.030303  0.000000  
0.110429  0.222222  0.085714  0.093750  0.074074  0.000000  
0.079710  0.230769  0.055556  0.043478  0.076923  0.000000  
0.040541  0.121212  0.025641  0.000000  0.031250  0.000000  
0.090323  0.242424  0.000000  0.064516  0.121212  0.000000  
0.082803  0.121951  0.135135  0.000000  0.107143  0.000000  
0.119205  0.310345  0.121951  0.058824  0.080000  0.000000  
0.043478  0.166667  0.000000  0.000000  0.060606  0.000000  
0.098765  0.297297  0.093023  0.035714  0.000000  0.000000  
0.093960  0.322581  0.078947  0.035714  0.000000  0.000000  
0.072368  0.185185  0.020833  0.142857  0.041667  0.000000  
0.089744  0.156250  0.106383  0.062500  0.050000  0.040000  
0.050314  0.083333  0.019608  0.114286  0.000000  0.000000  
0.110429  0.280000  0.109091  0.000000  0.172414  0.000000  
0.108280  0.280000  0.109091  0.000000  0.096774  0.043478  
0.071429  0.192308  0.073171  0.066667  0.037037  0.000000  
0.033557  0.060606  0.074074  0.022727  0.000000  0.000000  
0.107383  0.300000  0.086957  0.043478  0.060606  0.000000  
0.108280  0.222222  0.148148  0.034483  0.090909  0.000000  
0.113924  0.210526  0.128205  0.111111  0.062500  0.000000  
0.030120  0.088235  0.042553  0.000000  0.000000  0.000000  
0.069930  0.160000  0.075000  0.068966  0.043478  0.000000  
0.058442  0.185185  0.069767  0.000000  0.026316  0.000000  
0.114458  0.258065  0.111111  0.085714  0.100000  0.000000  
0.097561  0.233333  0.115385  0.045455  0.066667  0.000000  
0.120805  0.258065  0.052632  0.193548  0.083333  0.000000  
0.073620  0.160000  0.032787  0.130435  0.096774  0.000000  
0.055172  0.200000  0.058824  0.000000  0.000000  0.000000  
0.082759  0.291667  0.090909  0.000000  0.033333  0.000000  
0.082803  0.230769  0.093023  0.033333  0.062500  0.000000  
0.075862  0.206897  0.093750  0.076923  0.000000  0.000000  
0.084967  0.187500  0.066667  0.176471  0.033333  0.000000  
0.106667  0.241379  0.093750  0.114286  0.074074  0.000000  
0.077419  0.208333  0.106383  0.000000  0.095238  0.000000  
0.049383  0.041667  0.061538  0.045455  0.068966  0.000000  
0.081761  0.151515  0.102564  0.058824  0.074074  0.000000  
0.103659  0.268293  0.075000  0.088235  0.000000  0.000000  
0.044304  0.172414  0.042553  0.000000  0.000000  0.000000  
0.062937  0.117647  0.068182  0.000000  0.090909  0.000000  
0.086957  0.187500  0.081081  0.085714  0.060606  0.000000  
0.053333  0.162791  0.030303  0.000000  0.000000  0.000000  
0.106667  0.166667  0.100000  0.240000  0.040000  0.000000  
0.043210  0.129032  0.073171  0.000000  0.000000  0.000000  
0.102041  0.272727  0.069767  0.041667  0.045455  0.040000  
0.078788  0.162162  0.105263  0.000000  0.100000  0.000000  
0.083871  0.233333  0.024390  0.029412  0.125000  0.038462  
0.064103  0.269231  0.019231  0.000000  0.058824  0.000000  
0.083871  0.081081  0.166667  0.040000  0.045455  0.000000  
0.112500  0.315789  0.047619  0.033333  0.100000  0.000000  
0.076389  0.176471  0.116279  0.037037  0.052632  0.000000  
0.048780  0.105263  0.071429  0.000000  0.040000  0.000000  
0.115854  0.344828  0.081081  0.083333  0.086957  0.000000  
0.118750  0.300000  0.107143  0.066667  0.080000  0.045455  
0.081761  0.172414  0.076923  0.071429  0.100000  0.000000  
0.058442  0.192308  0.065217  0.038462  0.000000  0.000000  
0.103659  0.322581  0.074074  0.100000  0.000000  0.000000  
0.061350  0.111111  0.000000  0.041667  0.093750  0.047619  
0.052288  0.172414  0.023810  0.031250  0.041667  0.000000  
0.050000  0.100000  0.042553  0.062500  0.000000  0.000000  
0.045455  0.093750  0.081633  0.000000  0.000000  0.000000  
0.129412  0.296296  0.113636  0.129032  0.135135  0.000000  
0.081633  0.121951  0.117647  0.088235  0.000000  0.000000  
0.086957  0.285714  0.062500  0.000000  0.000000  0.000000  
0.074627  0.194444  0.000000  0.083333  0.040000  0.000000  
0.072993  0.217391  0.047619  0.031250  0.041667  0.062500  
0.079470  0.300000  0.078947  0.000000  0.085714  0.000000  
0.053892  0.192308  0.060000  0.000000  0.028571  0.000000  
0.093960  0.233333  0.068182  0.125000  0.033333  0.000000  
0.147651  0.257143  0.205882  0.088235  0.120000  0.000000  
0.111111  0.185185  0.179487  0.057143  0.071429  0.041667  
0.083916  0.250000  0.052632  0.040000  0.071429  0.000000  
0.126667  0.259259  0.133333  0.129032  0.076923  0.000000  
0.101351  0.263158  0.114286  0.000000  0.000000  0.038462  
0.056738  0.090909  0.025000  0.058824  0.111111  0.000000  
0.078431  0.172414  0.088235  0.064516  0.062500  0.000000  
0.090909  0.100000  0.150000  0.000000  0.166667  0.000000  
0.076023  0.225806  0.083333  0.000000  0.111111  0.000000  
0.066667  0.085714  0.125000  0.068966  0.000000  0.000000  
0.075000  0.103448  0.057143  0.135135  0.052632  0.000000  
0.087838  0.238095  0.106383  0.066667  0.043478  0.000000  
0.086667  0.280000  0.090909  0.032258  0.029412  0.000000  
0.094937  0.111111  0.139535  0.058824  0.040000  0.100000  
0.097561  0.266667  0.058824  0.153846  0.030303  0.000000  
0.078788  0.095238  0.061224  0.148148  0.066667  0.000000  
0.077922  0.193548  0.068182  0.076923  0.035714  0.000000  
0.084967  0.225806  0.108108  0.043478  0.000000  0.000000  
0.125000  0.324324  0.102564  0.086957  0.030303  0.000000  
0.071429  0.181818  0.060000  0.043478  0.062500  0.000000  
0.105590  0.205128  0.108108  0.100000  0.120000  0.000000  
0.047244  0.083333  0.028571  0.037037  0.100000  0.000000  
0.087838  0.222222  0.075000  0.000000  0.066667  0.000000  
