0.015220 0.857692
0.016041 1.001269
0.014789 1.288911
0.014430 1.076062
0.015138 1.071455
0.015755 1.013988
0.016905 0.999780
0.017952 0.863852
0.014607 0.720219
0.015881 0.870421
0.017390 0.872754
0.013795 0.798692
0.015956 0.822566
0.016585 0.780746
0.015113 0.720797
0.014828 0.899040
0.015540 0.851810
0.015558 0.857812
0.016313 0.465513
0.015784 0.899434
0.017163 1.037063
0.016386 0.818264
0.017342 1.082309
0.015238 1.033481
0.014538 1.231054
0.014772 1.163576
0.016203 0.953470
0.014792 0.938853
0.016926 0.655914
0.015950 0.843163
0.015548 0.909570
0.015481 1.142641
0.017462 0.939305
0.016637 0.779798
0.017086 0.742359
0.015034 0.852112
0.014538 0.838885
0.016064 0.623176
0.016964 0.914647
0.015050 0.732573
0.016788 0.798516
0.014013 0.680995
0.015951 0.649044
0.015729 0.808289
0.015599 0.574848
0.015462 0.882221
0.015010 0.740305
0.015058 0.411746
0.016464 0.477068
0.015603 0.708038
0.015898 0.737457
0.017406 0.454973
0.014923 0.474939
0.014652 0.578298
0.014348 0.572084
0.018307 0.831682
0.016318 0.484309
0.016423 0.591315
0.014310 0.535251
0.015365 0.488780
0.016339 0.371392
0.017678 0.537239
0.016086 0.566873
0.015076 0.431339
0.016735 0.575165
0.016049 0.397968
0.018403 0.426558
0.016551 0.477135
0.017196 0.390417
0.016809 0.514629
0.016126 0.356778
0.016958 0.324648
0.017305 0.287995
0.016309 0.261721
0.017502 0.499159
0.015802 0.235393
0.014778 0.268470
0.015642 0.373292
0.015602 0.399327
0.016250 0.381787
0.017865 0.203233
0.014895 0.262263
0.016107 0.321394
0.016497 0.596986
0.016539 0.476904
0.015536 0.258954
0.015775 0.219249
0.015133 0.296056
0.014388 0.314764
0.018313 0.133084
0.014980 0.522843
0.016568 0.289777
0.015459 0.264280
0.015486 0.267539
0.015761 0.348606
0.015144 0.250234
0.017032 0.251992
0.015758 0.314265
0.016394 0.293565
0.014323 0.372333
0.015061 0.306286
0.017554 0.174437
0.015917 0.163561
0.016362 0.223912
0.015366 0.145015
0.016913 0.154761
0.015244 0.232374
0.015319 0.116142
0.019221 0.205216
0.015249 0.175686
0.014299 0.223384
0.016789 0.169186
0.016298 0.185763
0.017100 0.191086
0.015328 0.221385
0.014445 0.158545
0.014479 0.175669
0.016479 0.076015
0.016118 0.257178
0.015490 0.229308
0.014371 0.388680
0.015969 0.202278
0.017050 0.124382
0.014173 0.064551
0.017644 0.115193
0.014415 0.378430
0.017005 0.256022
0.015207 0.196532
0.015262 0.255106
0.014449 0.088412
0.015283 0.174402
0.015516 0.127799
0.014279 0.221334
0.016184 0.160291
0.015927 0.094609
0.016634 0.112893
0.014368 0.158162
0.015007 0.221417
0.017067 0.079709
0.015547 0.077927
0.014068 0.075734
0.014883 0.205971
0.016666 0.246176
0.016247 0.151930
0.015663 0.304729
0.016865 0.136731
0.014235 0.043788
0.015183 0.061907
0.015363 0.159669
0.014693 0.115597
0.016615 0.059656
0.014052 0.063857
0.015674 0.134786
0.016926 0.220070
0.015764 0.084622
0.013751 0.046918
0.015564 0.134133
0.015168 0.095976
0.016198 0.081796
0.015880 0.041865
0.014551 0.093069
0.015664 0.095562
0.014863 0.065098
0.016080 0.058837
0.015418 0.135022
0.013880 0.301821
0.016781 0.041467
0.015066 0.104822
0.013634 0.157792
0.016200 0.184903
0.014959 0.167899
0.014763 0.172382
0.015183 0.175533
0.015090 0.194633
0.017550 0.048635
0.015766 0.094639
0.016489 0.093425
0.015836 0.523670
0.016585 0.074360
0.015552 0.104491
0.015398 0.084388
0.016406 0.159326
0.016061 0.072050
0.014959 0.123616
0.015090 0.029914
0.016432 0.105734
0.015456 0.062797
0.014776 0.114250
0.014586 0.158336
0.014653 0.054124
0.017520 0.035225
0.015082 0.026645
0.017002 0.086771
0.012065 0.079112
0.013221 0.081940
0.014436 0.226434
0.017649 0.094435
0.014919 0.057164
0.015694 0.038421
0.016990 0.040622
0.012724 0.153580
0.015170 0.233509
0.015424 0.126643
0.013920 0.075779
0.015606 0.088505
0.012256 0.110265
0.016937 0.169330
0.017720 0.165897
0.015272 0.056869
0.014626 0.114039
0.016384 0.128649
0.015892 0.157183
0.017595 0.228054
0.015746 0.059025
0.016399 0.051724
0.014775 0.047747
0.014551 0.065042
0.015262 0.096556
0.014943 0.093777
0.012259 0.098208
0.015145 0.180022
